camera: 2 0 -100 0 0 0
light: 0 0 -250 100
light: 0 0 -170 150
plane: 0 -3 25 0 1 0 0 0 0 200
plane: -2 0 25 1 0 0 66 0 255 100
plane: 0 0 50 0 0 1 66 0 255 200
plane: 0 3 25 0 -1 0 0 0 0 200
cone: 0 0 30 2 1 1 0 255 255 0 200
sphere: 0 0 20 2 255 255 255 500
sphere: 7 3 20 2 255 255 255 500
sphere: 2 0 20 2 255 255 255 500
sphere: -1 -1 20 2 255 255 255 500
sphere: 0 3 -20 10 255 30 170 500
sphere: -3 -1 30 30 150 0 20 500
sphere: 7 1 30 30 150 255 20 500
cylinder: 2 -1 0 2 -2 -1 -5 255 35 0 200
cylinder: -2 -1 0 2 -2 1 -4 255 204 33 200
cone: 4 -1 0 2 -1 -1 0 0 33 150 100
sphere: 4 -4 -20 20 255 0 255 500
ambient: 15