camera: 0 0 -200 0 0 0
light: 0 0 -250 100
light: 0 0 -170 150
sphere: 0 0 20 80 255 200 0 500
sphere: 0 0 10 70 255 0 0 500
cylinder: 0 0 0 1 0 1 0 0 0 0 200
cylinder: 0 0 0 1 1 0 0 0 0 0 200
cylinder: 0 0 0 1 1 1 0 0 0 0 200
cylinder: 0 0 0 1 -1 1 0 0 0 0 200
sphere: -2 1 -100 2 255 255 255 500
sphere: 2 1 -100 2 255 255 255 500
sphere: -2 -1 -100 2 255 255 255 500
sphere: 2 -1 -100 2 255 255 255 500
sphere: 1 -2 -100 2 255 255 255 500
sphere: 1 2 -100 2 255 255 255 500
sphere: -1 -2 -100 2 255 255 255 500
sphere: -1 2 -100 2 255 255 255 500
ambient: 17
